steps, selected_k, reward, current_money
1, 88, 0, 0
2, 56, 0, 0
3, 2, 0, 0
4, 5, 0, 0
5, 31, 0, 0
6, 12, 0, 0
7, 70, 0, 0
8, 27, 0, 0
9, 27, 0, 0
10, 97, 0, 0
11, 63, 0, 0
12, 30, 0, 0
13, 61, 0, 0
14, 44, 0, 0
15, 89, 0, 0
16, 58, 0, 0
17, 55, 0, 0
18, 40, 0, 0
19, 79, 0, 0
20, 21, 0, 0
21, 91, 0, 0
22, 53, 0, 0
23, 18, 0, 0
24, 93, 0, 0
25, 18, 0, 0
26, 89, 0, 0
27, 85, 0, 0
28, 55, 0, 0
29, 30, 0, 0
30, 74, 0, 0
31, 42, 0, 0
32, 44, 0, 0
33, 64, 0, 0
34, 83, 0, 0
35, 73, 0, 0
36, 71, 0, 0
37, 80, 0, 0
38, 93, 0, 0
39, 35, 0, 0
40, 41, 0, 0
41, 96, 0, 0
42, 99, 0, 0
43, 94, 0, 0
44, 75, 0, 0
45, 14, 0, 0
46, 87, 0, 0
47, 97, 0, 0
48, 4, 4, 4
49, 88, 0, 4
50, 35, 0, 4
51, 18, 0, 4
52, 58, 0, 4
53, 9, 0, 4
54, 88, 0, 4
55, 51, 0, 4
56, 46, 0, 4
57, 93, 93, 97
58, 2, 0, 97
59, 1, 1, 98
60, 1, 1, 99
61, 1, 1, 100
